[header]
width=20
height=10
tilewidth=70
tileheight=70
orientation=orthogonal

[tilesets]
tileset=tiles.png,70,70,0,0
tileset=playersprite.png,66,92,0,0

[layer]
type=TileLayer
data=
80,80,80,80,80,80,80,80,80,80,80,80,80,80,80,80,80,80,80,80,
80,80,80,80,80,80,80,80,80,80,80,80,80,80,80,80,80,80,80,80,
80,80,80,80,80,80,80,80,80,80,80,80,80,80,80,80,80,80,80,80,
80,80,80,80,80,80,80,80,80,80,80,80,80,80,80,80,80,80,80,80,
80,80,80,80,80,80,80,80,80,80,80,64,80,80,80,80,80,80,80,80,
80,80,80,80,80,80,80,80,80,80,80,65,80,80,80,80,80,80,80,80,
42,80,80,64,80,80,80,80,80,80,80,65,80,80,80,80,80,80,40,41,
56,80,80,65,80,80,80,80,46,46,0,65,80,80,84,84,84,0,56,55,
2,2,2,2,2,37,37,2,2,2,2,2,2,2,4,2,2,2,3,3,
50,50,50,50,50,50,50,50,50,50,50,50,50,50,51,51,51,50,50,50

[ObjectLayer]
# Player
type=Player
location=0,7,0,1

